pos_1.jpg 2 166 47 38 98 254 203 33 102
pos_10.jpg 2 144 81 30 89 312 186 28 96
pos_11.jpg 2 137 75 35 96 175 197 35 97
pos_12.jpg 2 135 83 33 98 273 84 32 96
pos_13.jpg 2 153 78 29 97 156 198 34 96
pos_14.jpg 2 157 195 33 96 317 76 34 95
pos_15.jpg 2 236 192 31 98 295 87 29 91
pos_16.jpg 1 228 121 63 193
pos_17.jpg 1 216 88 31 93
pos_18.jpg 1 250 204 40 89
pos_19.jpg 1 274 82 31 93
pos_2.jpg 2 107 102 43 105 233 226 39 104
pos_20.jpg 1 195 164 91 23
pos_21.jpg 1 279 90 27 87
pos_22.jpg 1 296 138 25 77
pos_23.jpg 1 130 149 33 91
pos_24.jpg 2 205 194 30 89 250 99 44 86
pos_25.jpg 2 216 184 31 89 325 95 38 82
pos_26.jpg 2 206 227 29 77 335 133 34 87
pos_27.jpg 2 191 238 32 88 294 137 38 79
pos_28.jpg 2 164 222 32 95 304 113 46 105
pos_29.jpg 2 224 96 31 88 208 199 29 89
pos_3.jpg 1 319 94 29 87
pos_4.jpg 1 235 84 65 197
pos_5.jpg 1 277 90 33 86
pos_6.jpg 1 210 188 94 24
pos_7.jpg 1 140 197 32 98
pos_8.jpg 1 318 92 27 88
pos_9.jpg 2 222 87 33 96 309 185 29 95
