pos_1.jpg 1 80 188 218 69
pos_10.jpg 1 170 83 140 170
pos_11.jpg 1 65 124 353 117
pos_12.jpg 1 25 90 466 132
pos_13.jpg 1 46 93 435 159
pos_14.jpg 1 146 112 212 80
pos_15.jpg 1 212 119 72 179
pos_16.jpg 1 143 113 219 142
pos_17.jpg 1 162 108 191 131
pos_18.jpg 1 119 119 299 84
pos_19.jpg 1 130 122 270 86
pos_2.jpg 1 64 107 415 117
pos_20.jpg 1 127 24 154 279
pos_21.jpg 1 41 114 419 107
pos_22.jpg 1 119 63 253 199
pos_23.jpg 1 176 94 186 124
pos_24.jpg 1 177 100 144 96
pos_25.jpg 1 207 33 114 265
pos_26.jpg 1 200 74 93 171
pos_27.jpg 1 63 30 367 244
pos_28.jpg 1 107 113 298 127
pos_29.jpg 1 228 71 118 248
pos_3.jpg 1 157 129 145 59
pos_30.jpg 1 98 132 324 109
pos_31.jpg 1 64 139 391 106
pos_32.jpg 1 216 58 110 272
pos_33.jpg 1 213 106 93 184
pos_34.jpg 1 167 58 229 255
pos_35.jpg 1 171 79 208 166
pos_36.jpg 1 94 94 281 202
pos_37.jpg 1 136 111 273 128
pos_38.jpg 1 216 60 141 263
pos_39.jpg 1 192 32 156 202
pos_4.jpg 1 130 239 130 52
pos_40.jpg 1 53 81 344 149
pos_41.jpg 1 109 139 268 101
pos_42.jpg 1 79 160 307 104
pos_43.jpg 1 168 91 128 264
pos_44.jpg 1 185 111 124 204
pos_45.jpg 1 150 106 275 139
pos_46.jpg 1 146 91 271 97
pos_47.jpg 1 82 145 209 159
pos_48.jpg 1 132 96 258 157
pos_49.jpg 1 145 86 269 133
pos_5.jpg 1 178 58 96 194
pos_50.jpg 1 147 35 117 225
pos_51.jpg 1 115 125 167 208
pos_52.jpg 1 108 134 143 165
pos_53.jpg 1 127 210 141 48
pos_54.jpg 1 129 254 127 38
pos_55.jpg 1 11 188 345 85
pos_56.jpg 1 184 14 113 448
pos_57.jpg 1 208 5 116 428
pos_58.jpg 1 82 11 112 421
pos_59.jpg 1 104 41 121 395
pos_6.jpg 1 73 124 354 97
pos_60.jpg 1 150 6 126 389
pos_61.jpg 1 134 77 100 354
pos_62.jpg 1 123 71 97 358
pos_63.jpg 1 9 111 357 270
pos_64.jpg 1 3 57 301 360
pos_65.jpg 1 54 138 257 269
pos_66.jpg 1 57 95 296 382
pos_67.jpg 1 58 122 256 333
pos_68.jpg 1 98 73 348 238
pos_69.jpg 1 95 67 219 347
pos_7.jpg 1 152 123 167 49
pos_70.jpg 1 52 68 189 338
pos_71.jpg 1 31 106 411 117
pos_72.jpg 1 277 257 -277 123
pos_73.jpg 1 14 134 347 110
pos_74.jpg 1 5 159 359 108
pos_75.jpg 1 0 158 292 95
pos_76.jpg 1 116 96 132 335
pos_77.jpg 1 33 152 330 207
pos_8.jpg 1 75 114 308 101
pos_9.jpg 1 218 90 93 208
