post_1.jpg 1 82 193 215 61
post_10.jpg 1 120 120 304 82
post_100.jpg 1 14 212 358 112
post_101.jpg 1 49 166 404 123
post_102.jpg 1 125 97 109 337
post_103.jpg 1 154 124 131 294
post_104.jpg 1 70 131 177 310
post_105.jpg 1 126 131 120 246
post_106.jpg 1 55 139 253 277
post_107.jpg 1 84 68 243 355
post_108.jpg 1 37 149 236 294
post_109.jpg 1 11 102 260 246
post_11.jpg 1 127 123 273 84
post_110.jpg 1 126 113 158 278
post_111.jpg 1 8 146 331 186
post_112.jpg 1 13 223 359 114
post_113.jpg 1 57 104 212 335
post_114.jpg 1 90 84 147 297
post_115.jpg 1 99 109 178 236
post_116.jpg 1 33 91 248 170
post_117.jpg 1 83 107 263 150
post_118.jpg 1 24 140 291 149
post_119.jpg 1 73 93 236 150
post_12.jpg 1 60 106 423 115
post_120.jpg 1 42 99 285 187
post_121.jpg 1 27 91 310 171
post_122.jpg 1 80 42 353 214
post_123.jpg 1 34 89 298 353
post_124.jpg 1 35 88 445 166
post_125.jpg 1 74 134 212 266
post_126.jpg 1 124 81 117 358
post_127.jpg 1 27 111 144 319
post_128.jpg 1 118 88 129 284
post_129.jpg 1 79 96 247 266
post_13.jpg 1 127 23 160 285
post_130.jpg 1 81 51 214 367
post_131.jpg 1 118 164 299 142
post_132.jpg 1 133 155 107 175
post_133.jpg 1 164 183 190 81
post_134.jpg 1 185 149 215 80
post_135.jpg 1 85 214 231 74
post_136.jpg 1 71 204 283 103
post_137.jpg 1 44 160 257 170
post_138.jpg 1 66 133 357 144
post_139.jpg 1 124 102 106 267
post_14.jpg 1 31 112 435 111
post_140.jpg 1 116 135 99 201
post_141.jpg 1 148 165 72 197
post_142.jpg 1 161 166 77 205
post_143.jpg 1 144 149 224 81
post_144.jpg 1 115 149 117 273
post_145.jpg 1 127 152 113 269
post_146.jpg 1 54 127 142 205
post_147.jpg 1 92 140 329 113
post_148.jpg 1 32 136 297 174
post_149.jpg 1 50 145 275 147
post_15.jpg 1 108 56 282 187
post_150.jpg 1 95 102 202 226
post_151.jpg 1 69 76 164 222
post_152.jpg 1 76 81 223 283
post_153.jpg 1 99 106 142 287
post_154.jpg 1 114 104 120 243
post_155.jpg 1 140 135 119 270
post_156.jpg 1 146 114 110 246
post_157.jpg 1 157 118 76 189
post_158.jpg 1 128 99 104 290
post_159.jpg 1 54 76 397 130
post_16.jpg 1 174 90 195 146
post_160.jpg 1 92 99 311 117
post_161.jpg 1 143 118 118 281
post_162.jpg 1 96 91 92 237
post_163.jpg 1 134 83 120 282
post_164.jpg 1 129 156 132 282
post_165.jpg 1 119 131 149 261
post_166.jpg 1 117 109 119 269
post_167.jpg 1 25 120 262 250
post_168.jpg 1 67 122 230 250
post_169.jpg 1 99 150 178 227
post_17.jpg 1 167 94 161 103
post_170.jpg 1 79 131 179 294
post_171.jpg 1 128 124 144 243
post_172.jpg 1 80 81 239 301
post_173.jpg 1 70 139 259 262
post_174.jpg 1 62 92 415 165
post_175.jpg 1 132 123 208 243
post_176.jpg 1 61 140 175 211
post_177.jpg 1 111 174 157 224
post_178.jpg 1 103 138 90 242
post_179.jpg 1 81 59 315 94
post_18.jpg 1 208 23 125 276
post_180.jpg 1 154 209 90 227
post_181.jpg 1 145 116 200 75
post_182.jpg 1 128 103 88 187
post_183.jpg 1 136 114 223 76
post_184.jpg 1 78 177 204 163
post_185.jpg 1 45 145 231 143
post_186.jpg 1 61 127 318 109
post_187.jpg 1 10 93 271 316
post_188.jpg 1 62 105 218 259
post_189.jpg 1 96 123 370 195
post_19.jpg 1 199 68 92 187
post_190.jpg 1 114 106 359 145
post_191.jpg 1 69 58 373 151
post_192.jpg 1 109 69 334 149
post_193.jpg 1 80 108 314 122
post_194.jpg 1 33 151 284 111
post_195.jpg 1 88 53 224 215
post_196.jpg 1 155 38 170 176
post_197.jpg 1 104 42 209 243
post_198.jpg 1 67 99 284 195
post_199.jpg 1 111 89 260 260
post_2.jpg 1 167 77 156 180
post_20.jpg 1 57 26 386 250
post_200.jpg 1 65 70 252 270
post_201.jpg 1 79 142 287 127
post_202.jpg 1 190 70 139 257
post_203.jpg 1 195 27 122 270
post_204.jpg 1 173 17 132 227
post_205.jpg 1 61 129 302 119
post_206.jpg 1 156 45 138 275
post_207.jpg 1 156 138 105 217
post_208.jpg 1 78 104 206 241
post_209.jpg 1 57 158 296 244
post_21.jpg 1 102 111 313 129
post_210.jpg 1 19 149 340 157
post_211.jpg 1 25 158 310 124
post_212.jpg 1 54 29 417 242
post_213.jpg 1 61 119 282 172
post_214.jpg 1 92 53 167 248
post_215.jpg 1 71 86 212 184
post_216.jpg 1 70 116 192 288
post_217.jpg 1 94 76 164 199
post_218.jpg 1 123 96 156 195
post_219.jpg 1 94 83 182 213
post_22.jpg 1 223 73 133 248
post_220.jpg 1 127 34 133 226
post_221.jpg 1 132 66 127 211
post_222.jpg 1 131 84 122 214
post_223.jpg 1 119 91 145 220
post_224.jpg 1 113 72 185 231
post_225.jpg 1 116 91 166 226
post_226.jpg 1 47 10 291 399
post_227.jpg 1 28 111 314 160
post_228.jpg 1 271 20 145 284
post_229.jpg 1 110 122 152 264
post_23.jpg 1 152 128 156 61
post_230.jpg 1 163 131 243 120
post_231.jpg 1 136 98 101 240
post_232.jpg 1 157 65 152 239
post_233.jpg 1 199 48 99 302
post_234.jpg 1 26 120 329 102
post_235.jpg 1 107 96 114 249
post_236.jpg 1 170 91 149 252
post_237.jpg 1 172 59 122 237
post_238.jpg 1 149 73 113 231
post_239.jpg 1 150 67 137 246
post_24.jpg 1 92 127 342 120
post_240.jpg 1 94 88 162 241
post_241.jpg 1 59 74 164 233
post_242.jpg 1 39 57 144 231
post_243.jpg 1 118 82 115 230
post_244.jpg 1 129 97 108 210
post_245.jpg 1 152 105 107 190
post_246.jpg 1 127 83 146 223
post_247.jpg 1 119 96 193 245
post_248.jpg 1 145 85 215 221
post_249.jpg 1 116 101 189 271
post_25.jpg 1 52 127 407 138
post_250.jpg 1 34 104 313 220
post_251.jpg 1 57 98 291 207
post_252.jpg 1 56 94 288 196
post_253.jpg 1 37 74 313 225
post_254.jpg 1 26 112 267 224
post_255.jpg 1 51 97 253 209
post_256.jpg 1 15 94 256 221
post_257.jpg 1 146 69 346 159
post_258.jpg 1 34 106 282 177
post_259.jpg 1 42 116 275 127
post_26.jpg 1 209 52 128 284
post_260.jpg 1 33 197 299 99
post_261.jpg 1 84 174 229 74
post_262.jpg 1 42 91 197 211
post_263.jpg 1 55 129 148 248
post_264.jpg 1 103 84 128 240
post_265.jpg 1 160 89 131 230
post_266.jpg 1 65 146 220 243
post_267.jpg 1 184 56 184 240
post_268.jpg 1 244 31 175 257
post_269.jpg 1 70 174 187 221
post_27.jpg 1 199 100 123 197
post_270.jpg 1 96 167 199 242
post_271.jpg 1 129 155 109 235
post_28.jpg 1 159 51 246 274
post_29.jpg 1 164 66 233 194
post_3.jpg 1 42 113 404 136
post_30.jpg 1 73 86 324 229
post_31.jpg 1 128 105 313 145
post_32.jpg 1 210 62 193 276
post_33.jpg 1 186 29 186 221
post_34.jpg 1 129 236 146 69
post_35.jpg 1 40 73 367 169
post_36.jpg 1 102 134 287 118
post_37.jpg 1 70 155 326 115
post_38.jpg 1 167 87 143 272
post_39.jpg 1 183 107 151 209
post_4.jpg 1 18 87 476 128
post_40.jpg 1 151 106 281 139
post_41.jpg 1 139 92 289 89
post_42.jpg 1 78 142 226 168
post_43.jpg 1 121 85 282 180
post_44.jpg 1 128 78 306 150
post_45.jpg 1 171 48 116 217
post_46.jpg 1 144 32 130 243
post_47.jpg 1 97 114 199 237
post_48.jpg 1 97 126 174 190
post_49.jpg 1 122 207 162 63
post_5.jpg 1 31 90 448 172
post_50.jpg 1 128 249 135 54
post_51.jpg 1 6 183 351 93
post_52.jpg 1 175 11 128 457
post_53.jpg 1 212 4 121 444
post_54.jpg 1 70 6 134 445
post_55.jpg 1 106 30 127 427
post_56.jpg 1 72 122 375 114
post_57.jpg 1 149 5 136 398
post_58.jpg 1 129 74 115 361
post_59.jpg 1 121 71 109 366
post_6.jpg 1 140 105 224 93
post_60.jpg 1 7 110 364 276
post_61.jpg 1 4 57 322 367
post_62.jpg 1 53 138 266 268
post_63.jpg 1 47 84 309 400
post_64.jpg 1 56 114 274 351
post_65.jpg 1 90 66 363 259
post_66.jpg 1 79 62 253 377
post_67.jpg 1 147 118 176 70
post_68.jpg 1 40 64 217 356
post_69.jpg 1 18 104 433 131
post_7.jpg 1 202 115 89 191
post_70.jpg 1 9 265 266 105
post_71.jpg 1 8 134 357 105
post_72.jpg 1 4 161 368 104
post_73.jpg 1 3 155 301 90
post_74.jpg 1 104 77 154 365
post_75.jpg 1 26 146 340 255
post_76.jpg 1 61 97 347 138
post_77.jpg 1 214 80 118 229
post_78.jpg 1 4 128 467 159
post_79.jpg 1 136 85 149 352
post_8.jpg 1 141 108 225 150
post_80.jpg 1 102 72 151 331
post_81.jpg 1 42 93 213 325
post_82.jpg 1 102 68 222 367
post_83.jpg 1 109 94 196 301
post_84.jpg 1 104 93 225 320
post_85.jpg 1 91 83 164 261
post_86.jpg 1 92 77 212 368
post_87.jpg 1 37 96 224 311
post_88.jpg 1 48 48 276 380
post_89.jpg 1 73 81 173 265
post_9.jpg 1 152 101 211 150
post_90.jpg 1 133 113 134 264
post_91.jpg 1 25 135 187 239
post_92.jpg 1 144 113 118 249
post_93.jpg 1 143 79 117 327
post_94.jpg 1 131 75 126 279
post_95.jpg 1 116 90 171 267
post_96.jpg 1 49 112 249 270
post_97.jpg 1 112 117 156 231
post_98.jpg 1 23 162 300 205
post_99.jpg 1 19 201 340 113
