bos_1.jpg 1 82 190 217 64
bos_10.jpg 1 83 68 243 354
bos_100.jpg 1 95 131 349 183
bos_101.jpg 1 205 72 83 171
bos_102.jpg 1 120 113 326 132
bos_103.jpg 1 72 62 351 135
bos_104.jpg 1 112 70 324 138
bos_105.jpg 1 85 110 282 103
bos_106.jpg 1 37 153 252 95
bos_107.jpg 1 91 60 202 201
bos_108.jpg 1 162 46 145 164
bos_109.jpg 1 108 51 193 231
bos_11.jpg 1 35 145 242 298
bos_110.jpg 1 68 106 278 183
bos_111.jpg 1 107 89 267 263
bos_112.jpg 1 166 80 144 175
bos_113.jpg 1 57 27 375 246
bos_114.jpg 1 65 68 238 262
bos_115.jpg 1 79 142 284 113
bos_116.jpg 1 192 77 110 246
bos_117.jpg 1 193 26 115 272
bos_118.jpg 1 175 23 107 218
bos_119.jpg 1 62 144 308 105
bos_12.jpg 1 10 94 260 250
bos_120.jpg 1 157 49 104 287
bos_121.jpg 1 157 138 85 237
bos_122.jpg 1 78 102 201 247
bos_123.jpg 1 55 154 290 251
bos_124.jpg 1 105 110 305 129
bos_125.jpg 1 21 147 334 149
bos_126.jpg 1 26 164 308 118
bos_127.jpg 1 58 34 390 226
bos_128.jpg 1 64 113 267 172
bos_129.jpg 1 93 49 153 229
bos_13.jpg 1 124 117 278 92
bos_130.jpg 1 74 94 198 174
bos_131.jpg 1 78 128 164 265
bos_132.jpg 1 97 80 139 189
bos_133.jpg 1 139 100 119 189
bos_134.jpg 1 102 90 116 199
bos_135.jpg 1 220 69 131 249
bos_136.jpg 1 135 39 109 219
bos_137.jpg 1 137 66 105 223
bos_138.jpg 1 133 88 111 210
bos_139.jpg 1 126 91 118 223
bos_14.jpg 1 114 107 175 286
bos_140.jpg 1 115 70 165 220
bos_141.jpg 1 115 91 167 213
bos_142.jpg 1 50 9 293 392
bos_143.jpg 1 22 109 315 150
bos_144.jpg 1 268 25 134 282
bos_145.jpg 1 110 127 153 255
bos_146.jpg 1 158 128 145 51
bos_147.jpg 1 164 132 235 111
bos_148.jpg 1 136 99 94 236
bos_149.jpg 1 162 68 125 228
bos_15.jpg 1 8 145 333 188
bos_150.jpg 1 199 51 102 293
bos_151.jpg 1 26 123 314 90
bos_152.jpg 1 109 98 104 237
bos_153.jpg 1 177 90 120 250
bos_154.jpg 1 172 61 113 222
bos_155.jpg 1 153 79 105 220
bos_156.jpg 1 153 69 121 234
bos_157.jpg 1 93 129 340 119
bos_158.jpg 1 97 94 156 233
bos_159.jpg 1 58 66 162 244
bos_16.jpg 1 11 223 359 112
bos_160.jpg 1 36 56 145 224
bos_161.jpg 1 119 88 100 211
bos_162.jpg 1 127 99 100 211
bos_163.jpg 1 155 107 92 184
bos_164.jpg 1 125 82 136 220
bos_165.jpg 1 122 105 175 227
bos_166.jpg 1 148 84 209 215
bos_167.jpg 1 113 101 188 263
bos_168.jpg 1 51 137 415 114
bos_169.jpg 1 36 117 296 181
bos_17.jpg 1 51 96 241 350
bos_170.jpg 1 69 111 272 184
bos_171.jpg 1 56 104 279 165
bos_172.jpg 1 38 77 309 207
bos_173.jpg 1 21 114 270 212
bos_174.jpg 1 48 102 240 192
bos_175.jpg 1 17 98 240 200
bos_176.jpg 1 156 73 335 143
bos_177.jpg 1 26 125 289 136
bos_178.jpg 1 43 113 269 127
bos_179.jpg 1 208 50 128 276
bos_18.jpg 1 89 73 175 311
bos_180.jpg 1 43 197 279 93
bos_181.jpg 1 89 176 223 65
bos_182.jpg 1 41 93 188 214
bos_183.jpg 1 59 135 141 237
bos_184.jpg 1 116 97 99 225
bos_185.jpg 1 169 99 107 220
bos_186.jpg 1 73 161 189 212
bos_187.jpg 1 181 59 168 226
bos_188.jpg 1 249 31 135 255
bos_189.jpg 1 74 177 177 221
bos_19.jpg 1 85 97 195 252
bos_190.jpg 1 209 99 97 192
bos_191.jpg 1 96 170 182 237
bos_192.jpg 1 126 160 111 224
bos_193.jpg 1 162 54 244 267
bos_194.jpg 1 163 75 221 174
bos_195.jpg 1 63 117 363 131
bos_196.jpg 1 90 89 283 208
bos_197.jpg 1 131 103 283 141
bos_198.jpg 1 211 62 151 265
bos_199.jpg 1 185 34 167 210
bos_2.jpg 1 111 113 318 94
bos_20.jpg 1 26 75 275 189
bos_200.jpg 1 128 236 131 59
bos_201.jpg 1 52 75 350 172
bos_202.jpg 1 108 134 268 109
bos_203.jpg 1 79 155 311 117
bos_204.jpg 1 167 85 139 272
bos_205.jpg 1 181 109 134 214
bos_206.jpg 1 21 86 471 142
bos_207.jpg 1 145 101 284 155
bos_208.jpg 1 137 84 290 114
bos_209.jpg 1 80 136 216 176
bos_21.jpg 1 72 105 263 158
bos_210.jpg 1 128 95 265 160
bos_211.jpg 1 136 81 284 145
bos_212.jpg 1 175 55 104 207
bos_213.jpg 1 141 29 134 239
bos_214.jpg 1 99 120 195 223
bos_215.jpg 1 104 128 156 180
bos_216.jpg 1 126 205 143 61
bos_217.jpg 1 38 93 441 163
bos_218.jpg 1 130 247 126 52
bos_219.jpg 1 11 179 349 108
bos_22.jpg 1 23 136 293 158
bos_220.jpg 1 174 9 135 451
bos_221.jpg 1 203 4 123 436
bos_222.jpg 1 77 7 123 431
bos_223.jpg 1 96 40 138 403
bos_224.jpg 1 67 116 365 130
bos_225.jpg 1 144 7 140 390
bos_226.jpg 1 129 75 118 362
bos_227.jpg 1 117 64 117 367
bos_228.jpg 1 143 107 221 88
bos_229.jpg 1 8 112 359 269
bos_23.jpg 1 73 83 235 167
bos_230.jpg 1 4 58 305 363
bos_231.jpg 1 44 129 283 285
bos_232.jpg 1 51 91 306 388
bos_233.jpg 1 57 122 260 341
bos_234.jpg 1 94 76 349 231
bos_235.jpg 1 88 64 235 358
bos_236.jpg 1 152 118 163 61
bos_237.jpg 1 47 62 197 354
bos_238.jpg 1 30 104 416 120
bos_239.jpg 1 207 117 80 183
bos_24.jpg 1 63 101 416 134
bos_240.jpg 1 11 257 263 121
bos_241.jpg 1 11 136 355 108
bos_242.jpg 1 4 159 361 108
bos_243.jpg 1 10 156 284 91
bos_244.jpg 1 108 96 143 337
bos_245.jpg 1 30 148 332 217
bos_246.jpg 1 77 117 306 108
bos_247.jpg 1 212 89 114 211
bos_248.jpg 1 4 142 456 128
bos_249.jpg 1 144 86 134 348
bos_25.jpg 1 43 99 288 195
bos_250.jpg 1 135 110 225 157
bos_251.jpg 1 99 75 141 325
bos_252.jpg 1 42 101 198 315
bos_253.jpg 1 102 69 218 368
bos_254.jpg 1 114 98 171 294
bos_255.jpg 1 114 99 212 307
bos_256.jpg 1 100 88 132 249
bos_257.jpg 1 110 94 173 333
bos_258.jpg 1 46 110 197 286
bos_259.jpg 1 48 52 249 375
bos_26.jpg 1 31 83 307 181
bos_260.jpg 1 90 85 150 246
bos_261.jpg 1 156 104 205 147
bos_262.jpg 1 137 113 120 253
bos_263.jpg 1 31 130 178 242
bos_264.jpg 1 147 110 103 250
bos_265.jpg 1 143 83 111 312
bos_266.jpg 1 130 76 122 277
bos_267.jpg 1 122 98 154 254
bos_268.jpg 1 53 121 238 257
bos_269.jpg 1 119 122 132 218
bos_27.jpg 1 80 36 351 231
bos_270.jpg 1 25 161 287 206
bos_271.jpg 1 23 197 331 117
bos_272.jpg 2 161 42 45 107 250 200 40 113
bos_273.jpg 2 139 79 35 93 308 187 30 82
bos_274.jpg 2 134 72 34 99 176 198 31 95
bos_275.jpg 2 135 82 30 98 276 83 25 98
bos_276.jpg 2 153 79 32 95 156 195 31 96
bos_277.jpg 2 157 191 34 99 320 77 28 95
bos_278.jpg 2 235 191 32 95 294 85 32 87
bos_279.jpg 1 227 119 62 194
bos_28.jpg 1 36 85 288 354
bos_280.jpg 1 215 87 30 93
bos_281.jpg 1 250 202 36 92
bos_282.jpg 1 275 81 29 93
bos_283.jpg 2 109 98 38 106 232 227 41 105
bos_284.jpg 1 197 158 88 31
bos_285.jpg 1 281 89 28 84
bos_286.jpg 1 295 135 27 83
bos_287.jpg 1 127 145 34 95
bos_288.jpg 2 205 191 31 96 251 99 40 83
bos_289.jpg 2 218 181 26 93 325 94 35 88
bos_29.jpg 1 27 80 449 180
bos_290.jpg 2 334 132 35 89 205 213 34 93
bos_291.jpg 2 292 136 36 82 187 234 32 96
bos_292.jpg 2 305 111 46 110 162 219 32 101
bos_293.jpg 2 221 93 31 90 209 199 25 88
bos_294.jpg 1 317 89 29 93
bos_295.jpg 1 234 79 65 208
bos_296.jpg 1 278 86 30 94
bos_297.jpg 1 208 188 95 26
bos_298.jpg 1 138 192 33 106
bos_299.jpg 1 318 91 25 92
bos_3.jpg 1 15 207 357 117
bos_30.jpg 1 75 132 210 265
bos_300.jpg 2 224 86 30 101 306 186 34 99
bos_31.jpg 1 120 73 122 372
bos_32.jpg 1 17 109 163 322
bos_33.jpg 1 118 82 133 302
bos_34.jpg 1 73 85 249 286
bos_35.jpg 1 118 19 178 296
bos_36.jpg 1 72 46 222 378
bos_37.jpg 1 122 160 296 153
bos_38.jpg 1 128 153 124 188
bos_39.jpg 1 161 182 193 82
bos_4.jpg 1 46 164 414 132
bos_40.jpg 1 184 145 209 85
bos_41.jpg 1 81 207 234 82
bos_42.jpg 1 67 203 285 108
bos_43.jpg 1 42 156 266 181
bos_44.jpg 1 64 127 362 150
bos_45.jpg 1 120 100 109 272
bos_46.jpg 1 35 102 428 121
bos_47.jpg 1 114 135 104 206
bos_48.jpg 1 144 164 82 201
bos_49.jpg 1 159 162 79 213
bos_5.jpg 1 112 91 136 351
bos_50.jpg 1 143 147 226 89
bos_51.jpg 1 111 147 121 285
bos_52.jpg 1 125 149 114 279
bos_53.jpg 1 50 125 153 212
bos_54.jpg 1 94 140 327 122
bos_55.jpg 1 24 129 312 177
bos_56.jpg 1 47 152 272 142
bos_57.jpg 1 115 61 265 190
bos_58.jpg 1 95 102 196 227
bos_59.jpg 1 68 77 159 214
bos_6.jpg 1 145 119 146 297
bos_60.jpg 1 72 80 217 281
bos_61.jpg 1 102 110 109 284
bos_62.jpg 1 114 109 111 243
bos_63.jpg 1 140 140 100 265
bos_64.jpg 1 146 124 95 238
bos_65.jpg 1 152 116 81 199
bos_66.jpg 1 127 96 96 298
bos_67.jpg 1 57 78 392 125
bos_68.jpg 1 174 93 192 131
bos_69.jpg 1 96 102 302 116
bos_7.jpg 1 61 130 182 312
bos_70.jpg 1 139 122 124 270
bos_71.jpg 1 95 94 94 235
bos_72.jpg 1 135 83 106 276
bos_73.jpg 1 132 162 114 278
bos_74.jpg 1 118 130 130 267
bos_75.jpg 1 120 112 119 263
bos_76.jpg 1 26 115 261 248
bos_77.jpg 1 65 116 229 247
bos_78.jpg 1 99 149 174 227
bos_79.jpg 1 169 93 153 98
bos_8.jpg 1 118 128 128 250
bos_80.jpg 1 76 129 184 294
bos_81.jpg 1 120 120 158 250
bos_82.jpg 1 81 82 237 303
bos_83.jpg 1 70 140 256 262
bos_84.jpg 1 61 94 401 158
bos_85.jpg 1 137 124 184 230
bos_86.jpg 1 72 140 141 212
bos_87.jpg 1 117 177 130 215
bos_88.jpg 1 105 142 98 240
bos_89.jpg 1 85 58 302 96
bos_9.jpg 1 50 131 258 289
bos_90.jpg 1 206 27 119 275
bos_91.jpg 1 151 208 82 228
bos_92.jpg 1 140 119 203 76
bos_93.jpg 1 126 106 87 188
bos_94.jpg 1 142 110 217 83
bos_95.jpg 1 75 176 204 168
bos_96.jpg 1 45 145 231 143
bos_97.jpg 1 60 123 311 100
bos_98.jpg 1 7 90 278 320
bos_99.jpg 1 60 108 217 257
