pos_1.jpg 1 199 128 153 118
pos_10.jpg 4 188 90 56 64 111 161 70 71 238 211 87 69 284 121 77 61
pos_100.jpg 4 320 174 31 32 265 227 29 26 400 155 34 25 371 289 30 30
pos_101.jpg 4 257 214 29 37 297 158 31 26 342 134 29 28 299 280 34 31
pos_102.jpg 4 140 219 31 35 169 287 33 29 189 161 32 28 236 135 33 35
pos_103.jpg 4 240 178 50 45 268 293 57 52 259 93 49 39 327 53 47 43
pos_104.jpg 4 140 189 47 45 149 292 52 42 169 117 44 41 235 85 38 38
pos_105.jpg 4 379 260 44 44 339 179 42 38 341 108 44 41 388 76 40 43
pos_106.jpg 4 171 114 49 48 254 177 46 55 193 304 59 49 340 147 58 52
pos_107.jpg 4 175 158 49 43 248 154 41 55 263 220 37 48 339 183 54 48
pos_108.jpg 4 165 158 46 44 211 245 45 51 255 142 39 53 346 163 45 54
pos_109.jpg 4 180 220 64 62 129 109 59 56 250 88 55 73 368 124 68 63
pos_11.jpg 4 26 139 106 112 148 37 85 91 292 81 120 98 222 218 133 111
pos_110.jpg 4 161 101 44 49 124 184 49 53 132 275 45 61 240 226 44 54
pos_111.jpg 4 149 150 42 53 239 87 51 50 237 188 53 47 368 214 54 61
pos_112.jpg 4 146 185 58 69 270 128 56 54 258 245 62 58 344 145 48 62
pos_113.jpg 2 234 227 59 54 318 119 47 75
pos_114.jpg 2 293 179 86 91 404 83 63 77
pos_115.jpg 2 243 94 82 73 346 35 52 74
pos_116.jpg 3 170 79 66 62 316 111 61 73 226 227 75 61
pos_117.jpg 3 145 56 83 67 344 96 70 88 209 228 107 92
pos_118.jpg 3 113 231 49 68 254 178 52 68 223 319 77 64
pos_119.jpg 1 235 75 101 130
pos_12.jpg 4 112 209 79 98 188 76 83 52 205 123 81 64 268 93 93 56
pos_120.jpg 1 283 118 32 41
pos_121.jpg 1 198 330 47 35
pos_122.jpg 4 174 181 35 29 248 113 34 29 318 160 39 32 234 225 32 36
pos_123.jpg 4 155 222 38 29 233 141 40 34 309 188 50 39 223 268 36 38
pos_124.jpg 4 73 143 41 53 123 235 34 46 249 208 48 40 194 336 47 54
pos_125.jpg 4 92 268 64 52 178 73 43 50 214 213 58 45 324 135 58 45
pos_126.jpg 3 188 223 73 61 223 22 44 57 307 149 62 50
pos_127.jpg 4 204 122 31 34 298 170 36 33 228 220 40 29 162 252 37 34
pos_128.jpg 4 178 235 33 31 242 207 34 29 218 106 27 37 306 155 37 32
pos_129.jpg 4 205 115 34 43 297 87 42 31 296 225 47 43 137 280 48 44
pos_13.jpg 4 112 75 76 74 114 152 85 89 327 78 84 84 276 233 108 78
pos_130.jpg 4 149 234 58 44 196 54 40 46 299 23 50 38 306 173 51 50
pos_131.jpg 4 152 78 39 31 306 125 36 39 284 188 38 37 180 235 37 36
pos_132.jpg 4 121 252 84 66 123 34 58 44 363 78 67 60 341 178 66 56
pos_133.jpg 4 129 60 47 40 230 120 39 44 328 124 46 46 149 264 64 48
pos_134.jpg 4 150 53 58 40 280 101 50 50 399 101 52 55 205 289 79 55
pos_135.jpg 4 89 53 61 44 229 66 48 53 214 244 81 55 338 46 51 42
pos_136.jpg 4 146 28 48 40 237 81 39 42 330 248 52 53 174 217 49 41
pos_137.jpg 1 223 162 131 120
pos_138.jpg 2 127 264 105 84 279 16 75 67
pos_139.jpg 4 149 199 57 51 241 37 49 53 267 198 52 52 349 246 66 69
pos_14.jpg 4 170 31 84 73 103 86 86 84 335 130 95 113 148 229 111 106
pos_140.jpg 4 153 84 38 43 184 248 44 38 293 107 46 37 336 285 58 47
pos_141.jpg 4 145 86 39 42 203 175 45 33 277 103 44 40 324 269 48 43
pos_142.jpg 4 167 81 39 42 301 99 48 39 226 174 44 35 236 240 37 51
pos_143.jpg 4 141 103 41 44 203 190 42 36 216 257 37 49 349 97 45 44
pos_144.jpg 4 195 76 40 45 254 164 45 41 266 232 38 47 400 76 51 45
pos_145.jpg 4 243 59 39 38 156 103 33 40 342 99 36 41 220 239 31 46
pos_146.jpg 4 223 173 36 36 285 52 40 40 377 96 42 42 262 232 35 41
pos_147.jpg 4 237 187 35 37 300 70 42 38 396 116 39 39 279 251 31 43
pos_148.jpg 4 227 65 33 42 268 132 40 38 205 258 39 37 105 215 40 41
pos_149.jpg 4 102 208 50 45 212 257 49 38 287 123 43 36 245 55 36 43
pos_15.jpg 4 172 96 55 56 253 75 51 57 236 252 54 64 327 242 56 68
pos_150.jpg 4 175 181 48 46 260 49 40 43 237 258 41 65 361 245 52 66
pos_151.jpg 4 189 287 51 61 32 192 44 51 282 121 55 41 287 231 58 53
pos_152.jpg 4 66 199 38 49 144 166 36 45 286 139 48 36 289 235 54 43
pos_153.jpg 4 54 191 32 40 123 163 31 38 139 298 35 41 245 138 45 34
pos_154.jpg 4 56 198 32 41 119 171 34 40 136 301 39 37 284 269 47 39
pos_155.jpg 4 206 300 41 49 164 159 41 38 261 65 40 36 318 184 45 41
pos_156.jpg 4 191 181 33 32 277 97 39 39 276 156 31 42 326 208 38 41
pos_157.jpg 4 137 145 49 50 253 47 52 43 259 118 34 50 331 184 52 49
pos_158.jpg 4 267 261 45 46 309 156 41 47 245 95 41 44 252 23 44 36
pos_159.jpg 4 267 292 46 46 310 185 47 45 167 100 36 42 255 43 46 43
pos_16.jpg 4 235 254 57 60 172 108 52 51 243 84 56 54 377 157 53 62
pos_160.jpg 4 203 237 36 35 261 227 39 33 270 278 41 39 303 188 40 37
pos_161.jpg 4 160 162 49 57 245 151 61 44 261 228 59 53 311 89 61 48
pos_162.jpg 4 183 235 40 38 244 225 41 40 291 187 33 37 328 280 46 40
pos_163.jpg 4 199 229 40 43 241 124 39 31 307 184 39 37 262 223 41 31
pos_164.jpg 4 239 257 34 35 193 154 34 38 135 215 31 41 87 127 31 39
pos_165.jpg 4 190 246 40 42 138 103 38 38 232 136 39 33 327 86 39 39
pos_166.jpg 4 121 84 44 42 230 112 48 40 337 51 45 41 185 243 52 50
pos_167.jpg 4 117 103 42 47 342 75 43 45 333 259 46 64 165 273 58 49
pos_168.jpg 4 169 218 48 46 303 129 46 55 313 212 46 53 259 289 39 57
pos_169.jpg 4 312 148 40 48 181 236 46 47 331 224 39 59 270 305 48 60
pos_17.jpg 4 93 99 56 64 169 174 53 64 266 259 74 61 404 155 54 72
pos_170.jpg 4 194 231 40 37 226 141 36 41 306 144 47 59 321 220 34 43
pos_171.jpg 4 72 244 96 71 164 54 81 79 347 70 74 91 372 230 73 94
pos_172.jpg 4 42 60 79 104 38 384 101 77 206 342 81 80 223 166 78 73
pos_173.jpg 4 172 251 42 44 141 150 35 45 222 79 43 37 297 167 43 44
pos_174.jpg 4 150 140 49 46 215 56 43 45 334 59 50 49 328 169 41 57
pos_175.jpg 4 151 141 48 42 215 54 40 44 335 63 48 41 327 170 42 56
pos_176.jpg 4 125 181 57 50 201 232 46 54 318 168 44 54 283 64 52 42
pos_177.jpg 4 140 195 49 43 200 35 41 35 385 109 51 38 217 323 43 49
pos_178.jpg 4 158 208 45 43 134 32 44 36 348 22 46 35 294 295 43 50
pos_179.jpg 4 169 124 37 39 210 50 39 36 257 179 37 32 150 233 41 35
pos_18.jpg 4 103 146 53 56 300 66 59 44 386 195 47 65 262 299 65 48
pos_180.jpg 4 262 174 46 39 209 47 33 34 156 119 41 43 137 244 50 37
pos_181.jpg 4 150 232 46 34 210 114 41 35 301 179 38 47 335 260 47 43
pos_182.jpg 4 141 227 48 34 201 105 46 35 301 164 40 47 345 246 58 45
pos_183.jpg 3 204 131 35 43 311 199 48 36 77 180 17 28
pos_184.jpg 3 66 187 17 16 213 120 31 51 240 11 42 35
pos_185.jpg 2 208 105 34 45 237 6 41 30
pos_186.jpg 3 269 174 39 32 150 166 37 30 64 163 21 25
pos_187.jpg 2 277 177 49 37 139 168 46 38
pos_188.jpg 3 220 203 39 43 213 330 37 38 146 438 35 26
pos_189.jpg 3 78 167 18 28 265 177 41 32 263 90 39 41
pos_19.jpg 4 243 167 49 52 176 45 44 46 311 82 52 47 278 296 55 51
pos_190.jpg 2 221 166 42 38 270 85 34 42
pos_191.jpg 2 289 172 48 35 44 324 32 35
pos_192.jpg 2 360 190 45 41 30 306 24 31
pos_193.jpg 3 63 264 32 31 82 142 19 29 268 38 38 33
pos_194.jpg 3 78 189 23 31 38 328 37 29 243 188 47 36
pos_195.jpg 1 307 153 48 34
pos_196.jpg 1 297 146 45 33
pos_197.jpg 1 281 177 37 30
pos_198.jpg 1 292 168 40 33
pos_199.jpg 1 186 194 32 32
pos_2.jpg 1 204 105 114 142
pos_20.jpg 4 161 136 51 53 157 262 51 69 295 76 58 43 324 257 62 57
pos_200.jpg 1 176 153 33 34
pos_201.jpg 1 187 155 38 33
pos_202.jpg 1 202 175 37 30
pos_203.jpg 1 202 179 36 27
pos_204.jpg 1 179 151 38 33
pos_205.jpg 1 312 158 42 33
pos_206.jpg 1 236 213 36 30
pos_207.jpg 1 205 206 38 30
pos_208.jpg 1 259 267 43 37
pos_209.jpg 1 175 10 68 53
pos_21.jpg 4 145 118 67 60 313 57 64 56 137 259 64 87 382 247 78 68
pos_210.jpg 1 336 185 59 37
pos_211.jpg 1 156 162 47 36
pos_212.jpg 1 298 193 45 35
pos_213.jpg 1 204 63 75 53
pos_214.jpg 1 181 106 118 85
pos_215.jpg 1 223 178 46 34
pos_216.jpg 1 229 184 37 30
pos_217.jpg 1 184 182 38 27
pos_218.jpg 1 278 165 36 31
pos_219.jpg 4 193 167 39 32 240 185 37 30 261 212 34 30 314 173 42 30
pos_22.jpg 4 235 151 40 32 211 51 30 49 257 277 40 38 333 121 34 48
pos_220.jpg 4 198 165 49 36 248 190 40 34 271 230 37 34 323 175 44 33
pos_221.jpg 4 190 120 47 36 244 152 46 33 266 201 39 39 317 315 31 43
pos_222.jpg 4 202 190 46 41 253 215 44 32 325 193 44 37 272 248 38 34
pos_223.jpg 4 186 162 46 36 239 195 47 33 308 163 49 36 261 236 39 39
pos_224.jpg 4 164 112 59 38 228 146 45 38 299 105 54 40 256 204 40 42
pos_225.jpg 4 268 141 35 33 307 165 33 29 371 154 40 29 310 194 34 27
pos_226.jpg 4 186 130 44 36 239 144 41 29 309 133 50 33 262 163 28 26
pos_227.jpg 4 218 139 40 32 272 147 38 28 334 130 41 37 305 161 31 28
pos_228.jpg 4 155 130 52 39 295 137 52 37 216 167 47 34 247 214 43 39
pos_229.jpg 4 103 155 54 41 168 186 47 33 233 153 46 36 205 227 39 34
pos_23.jpg 4 136 240 68 50 146 110 54 50 201 61 58 40 312 70 50 54
pos_230.jpg 4 187 117 49 39 242 157 42 30 263 207 41 37 309 122 46 38
pos_231.jpg 4 237 111 46 35 350 108 45 36 283 144 46 30 295 189 35 36
pos_232.jpg 4 145 119 56 41 286 116 51 42 211 161 50 34 239 219 43 43
pos_233.jpg 4 228 122 40 35 269 145 32 28 329 131 39 30 274 173 31 26
pos_234.jpg 4 153 119 42 36 200 147 39 29 258 118 45 36 224 183 33 28
pos_235.jpg 4 154 96 47 43 209 134 42 32 270 102 48 34 232 183 44 42
pos_236.jpg 4 209 122 40 40 255 153 39 29 315 114 40 34 270 192 35 36
pos_237.jpg 4 191 146 34 31 227 164 38 24 277 142 35 26 245 189 28 25
pos_238.jpg 4 188 135 35 30 227 156 30 23 273 144 37 28 241 182 30 30
pos_239.jpg 4 182 131 38 31 225 155 35 26 277 128 39 37 244 187 34 28
pos_24.jpg 3 38 225 98 121 137 90 117 89 380 79 107 120
pos_240.jpg 4 185 158 34 32 225 174 32 27 279 163 31 24 246 197 23 24
pos_241.jpg 4 160 127 38 35 204 155 37 25 256 135 38 32 224 187 35 29
pos_242.jpg 4 189 163 37 33 288 165 37 31 233 189 36 27 249 223 30 30
pos_243.jpg 4 205 141 36 29 248 165 35 26 306 143 36 29 264 197 30 29
pos_244.jpg 4 181 102 37 32 226 132 35 26 285 102 38 31 244 175 32 32
pos_245.jpg 4 191 150 34 26 276 149 38 27 231 175 31 25 247 209 31 33
pos_246.jpg 4 189 131 37 29 233 149 29 24 279 131 30 25 253 173 27 24
pos_247.jpg 4 191 113 36 34 232 128 36 30 293 117 39 28 248 154 34 25
pos_248.jpg 4 180 150 36 31 223 172 30 23 238 199 29 27 274 155 38 30
pos_249.jpg 4 157 146 38 31 205 167 33 27 252 149 37 29 235 194 29 30
pos_25.jpg 3 169 39 72 82 207 276 108 81 450 0 29 18
pos_250.jpg 4 198 144 36 31 237 166 33 25 242 196 31 25 300 148 36 27
pos_251.jpg 4 182 114 47 34 230 145 41 30 252 189 32 32 296 118 42 34
pos_252.jpg 4 201 117 34 25 243 137 34 23 256 163 32 23 297 121 45 29
pos_253.jpg 4 144 48 58 45 215 100 59 43 242 185 54 44 306 53 63 48
pos_254.jpg 4 233 114 41 30 284 133 35 26 343 99 42 31 310 165 34 29
pos_255.jpg 4 203 147 41 33 243 180 39 29 250 219 31 29 306 158 43 35
pos_256.jpg 4 176 145 44 30 229 178 38 28 247 226 43 39 292 144 50 37
pos_257.jpg 4 86 139 52 47 169 183 48 41 242 162 70 48 220 230 47 35
pos_258.jpg 4 137 201 31 41 190 189 40 56 177 147 34 37 208 74 39 50
pos_259.jpg 4 209 142 57 43 355 156 46 37 247 204 45 35 258 173 50 36
pos_26.jpg 4 156 204 48 60 230 36 52 46 313 132 57 57 251 296 63 56
pos_260.jpg 4 266 121 55 49 386 158 45 38 295 171 50 35 270 216 45 36
pos_261.jpg 4 226 158 42 39 272 174 41 27 272 201 34 18 348 164 43 31
pos_262.jpg 4 87 73 81 61 191 140 80 49 318 77 83 58 230 221 68 54
pos_263.jpg 4 135 151 53 39 207 163 43 34 295 153 53 36 238 186 40 30
pos_264.jpg 4 84 66 88 64 193 142 85 55 332 75 92 64 238 243 68 64
pos_265.jpg 4 112 28 80 60 200 98 67 41 289 38 61 44 233 189 52 54
pos_266.jpg 4 153 92 79 54 233 148 61 42 237 213 58 47 329 88 62 48
pos_267.jpg 4 135 153 60 46 218 180 55 39 315 156 66 50 253 213 53 39
pos_268.jpg 4 171 119 70 55 254 169 58 40 280 224 49 42 359 131 71 48
pos_269.jpg 4 164 102 61 42 238 148 49 39 259 209 51 44 331 107 62 48
pos_27.jpg 4 147 130 43 40 288 50 46 40 374 137 48 55 322 295 54 53
pos_270.jpg 4 191 139 45 37 245 161 42 32 320 145 46 33 269 191 35 27
pos_271.jpg 4 85 106 87 64 189 153 79 54 317 114 87 60 228 210 73 54
pos_272.jpg 4 114 94 78 61 213 153 72 50 333 101 89 60 251 235 71 59
pos_273.jpg 4 134 116 60 46 211 149 47 39 284 128 62 40 253 188 48 34
pos_274.jpg 4 202 129 59 44 261 161 56 35 351 134 59 40 259 199 46 35
pos_275.jpg 4 115 76 69 51 200 133 59 46 301 83 78 53 230 211 56 52
pos_276.jpg 4 159 156 52 35 219 173 41 30 291 160 50 33 242 196 39 25
pos_277.jpg 4 160 128 43 40 221 161 37 32 247 199 35 28 286 144 43 34
pos_278.jpg 4 181 152 44 32 231 184 37 25 252 226 33 31 293 155 44 33
pos_279.jpg 4 189 156 36 29 234 186 37 24 291 157 48 34 254 224 37 32
pos_28.jpg 4 155 110 54 39 174 316 60 47 337 271 59 56 299 30 55 49
pos_280.jpg 4 197 132 36 35 242 162 36 30 261 199 37 35 297 137 39 33
pos_281.jpg 4 196 147 39 27 291 138 40 31 239 171 34 23 250 207 30 31
pos_282.jpg 4 191 123 39 35 234 152 37 27 250 190 35 34 289 127 40 27
pos_283.jpg 4 177 131 43 38 226 157 37 27 283 138 38 31 244 189 33 27
pos_284.jpg 1 159 129 36 34
pos_285.jpg 4 166 150 35 34 211 176 29 24 230 201 29 26 263 160 37 30
pos_286.jpg 4 185 93 33 30 224 122 32 24 248 161 30 27 276 104 31 27
pos_287.jpg 4 236 121 37 28 322 114 32 24 274 143 31 20 278 171 28 26
pos_288.jpg 4 224 131 36 23 262 149 29 21 265 176 27 21 314 128 34 23
pos_289.jpg 4 144 48 51 36 211 101 53 39 237 180 43 39 300 59 65 39
pos_29.jpg 4 168 73 51 49 300 114 54 51 187 269 62 52 376 255 68 52
pos_290.jpg 4 183 129 38 28 226 153 28 24 236 181 31 26 277 135 33 28
pos_291.jpg 4 190 145 35 34 234 169 35 28 295 156 38 33 252 200 31 23
pos_292.jpg 4 135 115 57 39 199 152 57 34 229 198 48 43 285 121 57 38
pos_293.jpg 4 166 141 45 36 221 166 41 32 244 198 37 25 296 150 48 36
pos_294.jpg 4 170 144 42 32 222 175 42 28 248 215 35 33 292 150 51 37
pos_295.jpg 4 216 176 28 28 247 193 27 23 263 213 21 22 291 178 27 26
pos_296.jpg 4 210 158 30 28 248 179 29 21 263 210 24 21 304 162 26 25
pos_297.jpg 4 251 136 32 21 288 157 31 24 299 190 28 24 338 134 35 24
pos_298.jpg 4 48 79 110 78 191 162 84 61 239 244 67 64 346 95 111 79
pos_299.jpg 4 66 47 89 60 166 119 86 61 295 63 83 58 209 239 70 59
pos_3.jpg 1 198 112 104 128
pos_30.jpg 1 188 98 140 133
pos_300.jpg 4 161 125 53 36 218 151 39 27 284 136 43 26 237 181 33 29
pos_301.jpg 4 132 124 49 44 197 164 36 35 231 205 32 36 257 153 55 37
pos_302.jpg 4 205 156 41 35 255 136 42 40 273 217 31 34 324 165 42 32
pos_303.jpg 4 149 122 71 48 236 74 61 59 266 251 51 45 345 131 75 52
pos_304.jpg 4 191 143 73 55 272 235 52 43 303 110 61 72 390 161 73 50
pos_305.jpg 4 138 152 54 48 198 128 50 51 236 231 37 38 286 164 59 41
pos_306.jpg 4 133 129 47 39 189 97 50 47 223 231 40 37 267 142 51 43
pos_307.jpg 4 180 147 47 43 238 128 45 46 239 231 40 34 299 162 54 38
pos_308.jpg 4 161 167 39 35 213 146 40 40 229 228 34 30 280 176 40 29
pos_309.jpg 4 158 118 44 39 210 85 47 45 243 216 37 39 291 123 61 38
pos_31.jpg 1 224 97 110 101
pos_310.jpg 4 159 136 44 35 205 117 38 35 235 192 42 32 270 138 47 30
pos_311.jpg 4 234 59 44 35 316 85 37 42 302 213 41 32 151 190 42 31
pos_312.jpg 4 94 176 38 35 62 243 34 47 220 180 32 52 182 330 43 56
pos_313.jpg 4 112 149 59 50 217 21 51 41 318 41 44 49 320 171 63 41
pos_314.jpg 4 90 111 55 32 59 192 45 59 224 293 49 50 254 120 35 60
pos_315.jpg 4 232 141 42 39 201 297 57 55 353 67 37 39 28 280 21 22
pos_316.jpg 3 145 107 49 46 107 274 54 66 285 34 41 42
pos_317.jpg 3 44 135 49 42 132 260 44 52 303 293 51 46
pos_318.jpg 3 69 150 48 38 144 258 45 49 325 267 49 69
pos_319.jpg 4 207 149 44 34 309 184 51 38 332 84 37 46 299 274 53 43
pos_32.jpg 1 232 166 134 91
pos_320.jpg 4 207 139 54 38 332 80 45 45 313 175 66 43 310 264 63 54
pos_321.jpg 4 231 97 50 34 177 190 41 52 337 138 59 35 330 221 53 42
pos_322.jpg 4 114 159 53 38 126 73 51 40 284 94 45 44 214 199 56 35
pos_323.jpg 4 122 220 50 67 183 100 43 64 285 112 48 59 245 305 73 67
pos_324.jpg 4 108 231 66 81 204 103 69 58 354 159 69 58 351 284 77 66
pos_325.jpg 4 34 190 72 74 131 65 75 60 275 114 78 51 255 237 93 69
pos_326.jpg 4 86 203 68 79 185 81 61 57 326 128 71 54 327 240 94 63
pos_327.jpg 4 78 229 52 71 137 101 40 66 245 100 45 61 198 311 75 72
pos_328.jpg 4 165 143 26 44 135 222 30 43 203 270 40 37 230 152 34 40
pos_329.jpg 4 164 174 28 45 130 255 32 40 229 179 31 42 205 301 45 45
pos_33.jpg 1 238 169 141 113
pos_34.jpg 1 239 107 92 92
pos_35.jpg 3 80 101 58 46 233 144 54 59 319 331 80 42
pos_36.jpg 1 195 79 148 194
pos_37.jpg 2 22 51 133 152 303 133 195 137
pos_38.jpg 4 81 9 73 62 324 85 59 71 251 204 77 91 399 280 74 59
pos_39.jpg 3 101 7 76 73 383 101 107 112 299 275 110 97
pos_4.jpg 1 193 89 176 141
pos_40.jpg 1 183 85 150 144
pos_41.jpg 3 96 179 130 129 218 1 89 96 363 260 134 110
pos_42.jpg 4 112 149 69 81 2 5 31 25 204 34 51 69 267 213 75 65
pos_43.jpg 1 142 87 192 149
pos_44.jpg 4 41 97 51 60 203 140 53 67 339 105 57 59 395 175 67 69
pos_45.jpg 3 17 121 100 106 249 61 98 92 366 178 112 116
pos_46.jpg 2 97 64 69 87 345 141 101 115
pos_47.jpg 3 90 17 75 70 247 57 97 71 270 157 82 95
pos_48.jpg 4 65 97 55 58 151 245 60 84 234 136 61 76 375 95 60 59
pos_49.jpg 1 196 126 165 144
pos_5.jpg 1 207 128 122 126
pos_50.jpg 1 217 136 146 101
pos_51.jpg 1 208 118 116 130
pos_52.jpg 1 229 130 104 122
pos_53.jpg 3 91 16 73 91 223 223 85 121 351 61 85 93
pos_54.jpg 4 73 155 52 61 224 208 56 58 258 125 55 60 381 100 44 65
pos_55.jpg 4 136 99 75 68 82 205 76 89 305 55 61 79 266 208 92 83
pos_56.jpg 4 115 161 66 86 213 7 54 70 315 48 57 60 182 302 99 69
pos_57.jpg 1 185 125 149 176
pos_58.jpg 2 183 120 80 102 344 188 110 109
pos_59.jpg 4 220 69 52 59 210 134 81 53 122 246 69 77 319 109 57 53
pos_6.jpg 1 200 108 141 160
pos_60.jpg 4 133 214 49 56 180 41 53 51 213 263 52 48 362 179 61 46
pos_61.jpg 4 169 97 69 56 246 68 76 64 179 212 76 90 240 278 83 72
pos_62.jpg 4 101 166 60 83 218 51 67 66 213 224 69 73 349 178 62 84
pos_63.jpg 4 60 142 79 90 207 42 85 71 200 205 81 79 367 165 71 86
pos_64.jpg 4 113 83 53 72 216 64 59 66 196 216 85 67 316 106 59 69
pos_65.jpg 4 68 184 72 75 195 111 60 51 228 196 58 55 173 290 76 52
pos_66.jpg 4 109 194 45 58 196 105 67 48 182 245 54 51 281 212 67 69
pos_67.jpg 4 148 196 45 70 220 98 51 53 242 212 56 70 340 171 50 57
pos_68.jpg 4 181 77 60 62 171 219 72 58 253 160 63 57 290 95 48 67
pos_69.jpg 4 131 48 81 91 142 176 84 69 90 270 115 84 347 104 93 87
pos_7.jpg 1 127 71 303 224
pos_70.jpg 1 111 158 127 92
pos_71.jpg 4 235 79 46 62 249 151 53 51 234 207 54 48 365 104 62 55
pos_72.jpg 4 125 56 74 57 223 105 61 51 252 257 75 57 376 152 57 63
pos_73.jpg 4 171 123 52 55 111 193 47 61 151 240 67 43 391 116 59 64
pos_74.jpg 2 22 173 113 99 411 155 87 103
pos_75.jpg 4 130 231 43 79 236 24 42 38 394 108 61 59 334 171 70 56
pos_76.jpg 2 51 30 88 107 344 244 109 121
pos_77.jpg 1 53 82 114 135
pos_78.jpg 4 203 84 64 56 134 215 66 64 236 214 75 69 295 118 59 74
pos_79.jpg 4 189 15 104 85 82 219 104 102 246 223 108 97 335 72 99 105
pos_8.jpg 1 130 66 264 272
pos_80.jpg 4 63 66 57 54 144 109 85 51 193 289 62 78 364 31 50 68
pos_81.jpg 3 22 156 74 54 284 52 51 77 219 222 87 69
pos_82.jpg 2 114 97 60 66 150 255 83 80
pos_83.jpg 4 67 85 77 60 170 146 67 56 405 93 53 72 344 231 81 59
pos_84.jpg 4 117 117 76 59 43 210 68 72 265 195 71 84 340 123 77 65
pos_85.jpg 4 129 116 70 64 29 197 79 80 269 183 82 86 353 120 92 60
pos_86.jpg 4 133 144 56 55 215 183 50 67 152 293 67 67 237 358 59 77
pos_87.jpg 4 129 141 62 82 167 33 75 63 270 151 69 70 268 229 84 65
pos_88.jpg 4 201 177 30 26 224 253 30 25 268 212 29 24 302 240 25 35
pos_89.jpg 4 161 172 28 22 174 247 33 26 226 203 28 23 258 233 23 35
pos_9.jpg 4 125 126 80 51 128 213 80 72 225 101 69 67 305 178 88 72
pos_90.jpg 4 170 178 31 27 188 258 35 33 245 210 37 33 285 247 26 32
pos_91.jpg 4 247 147 33 28 283 225 33 28 332 181 29 28 366 209 30 33
pos_92.jpg 4 155 166 45 32 229 77 42 40 175 264 46 36 296 243 41 57
pos_93.jpg 4 270 200 23 20 330 143 25 27 354 195 25 22 309 277 26 28
pos_94.jpg 4 282 200 27 24 332 144 30 26 364 193 27 25 324 274 30 29
pos_95.jpg 4 202 108 107 68 14 241 96 82 286 22 95 78 387 228 105 98
pos_96.jpg 4 287 254 24 21 321 221 25 21 342 201 20 21 369 252 23 21
pos_97.jpg 4 301 168 38 21 250 222 27 23 267 298 27 29 333 213 27 27
pos_98.jpg 4 308 170 37 26 231 198 24 19 163 245 32 30 270 313 33 22
pos_99.jpg 4 251 175 23 29 189 230 30 22 329 152 23 31 294 290 29 27
