pos_1.png 1 69 340 101 102
pos_10.png 1 227 164 213 214
pos_100.png 1 49 201 210 176
pos_11.png 1 210 210 27 26
pos_12.png 1 325 296 82 88
pos_13.png 1 133 83 235 208
pos_14.png 1 47 69 92 91
pos_15.png 1 192 40 90 96
pos_16.png 1 318 58 96 96
pos_17.png 1 429 64 60 61
pos_18.png 1 344 167 105 107
pos_19.png 1 243 175 97 97
pos_2.png 1 192 343 109 110
pos_20.png 1 93 181 111 110
pos_21.png 1 17 189 78 79
pos_22.png 1 29 289 87 90
pos_23.png 1 169 281 105 103
pos_24.png 1 104 161 161 161
pos_25.png 1 362 276 106 101
pos_26.png 1 319 398 108 80
pos_27.png 1 387 397 88 88
pos_28.png 1 224 410 87 85
pos_29.png 1 57 408 87 86
pos_3.png 1 179 150 290 209
pos_30.png 1 39 184 140 140
pos_31.png 1 254 146 102 101
pos_32.png 1 161 307 123 121
pos_33.png 1 89 248 173 173
pos_34.png 1 187 143 151 169
pos_35.png 1 58 69 116 114
pos_36.png 1 177 50 146 158
pos_37.png 1 32 210 138 138
pos_38.png 1 210 214 195 203
pos_39.png 1 145 255 128 130
pos_4.png 1 25 149 93 95
pos_40.png 1 132 151 206 199
pos_41.png 1 119 174 206 217
pos_42.png 1 28 40 122 124
pos_43.png 1 242 184 152 163
pos_44.png 1 144 245 170 169
pos_45.png 1 183 76 179 179
pos_46.png 1 356 360 117 116
pos_47.png 1 33 303 195 185
pos_48.png 1 121 129 201 197
pos_49.png 1 101 140 178 180
pos_5.png 1 200 126 143 113
pos_50.png 1 298 195 163 158
pos_51.png 1 38 322 109 136
pos_52.png 1 207 179 197 206
pos_53.png 1 165 109 146 157
pos_54.png 1 97 253 140 141
pos_55.png 1 59 90 223 228
pos_56.png 1 207 300 170 177
pos_57.png 1 188 188 126 126
pos_58.png 1 133 66 33 34
pos_59.png 1 196 305 38 49
pos_6.png 1 354 388 95 105
pos_60.png 1 91 175 136 106
pos_61.png 1 244 153 159 156
pos_62.png 1 179 76 81 84
pos_63.png 1 142 319 137 114
pos_64.png 1 212 137 183 186
pos_65.png 1 153 205 76 74
pos_66.png 1 224 71 111 140
pos_67.png 1 123 292 124 128
pos_68.png 1 107 194 218 218
pos_69.png 1 32 227 137 143
pos_7.png 1 34 31 94 109
pos_70.png 1 261 44 120 116
pos_71.png 1 199 170 175 168
pos_72.png 1 150 125 170 163
pos_73.png 1 103 313 137 132
pos_74.png 1 47 47 210 216
pos_75.png 1 344 235 95 103
pos_76.png 1 94 170 135 143
pos_77.png 1 208 171 119 121
pos_78.png 1 84 314 138 136
pos_79.png 1 202 62 123 126
pos_8.png 1 43 198 119 123
pos_80.png 1 196 52 101 110
pos_81.png 1 321 270 124 130
pos_82.png 1 71 353 141 135
pos_83.png 1 77 128 204 196
pos_84.png 1 156 112 138 142
pos_85.png 1 200 325 42 46
pos_86.png 1 69 50 24 25
pos_87.png 1 282 294 19 18
pos_88.png 1 146 169 159 159
pos_89.png 1 189 148 227 218
pos_9.png 1 33 74 409 401
pos_90.png 1 291 163 135 138
pos_91.png 1 111 172 148 176
pos_92.png 1 130 122 194 193
pos_93.png 1 212 176 236 245
pos_94.png 1 77 234 215 208
pos_95.png 1 170 172 162 166
pos_96.png 1 160 208 120 126
pos_97.png 1 369 195 123 126
pos_98.png 1 48 245 199 182
pos_99.png 1 151 161 165 182
