pos_1.jpg 1 319 205 245 198
pos_10.jpg 4 180 257 107 115 302 144 91 103 451 190 130 108 384 339 133 104
pos_100.jpg 4 424 368 42 33 518 282 42 43 646 243 43 49 591 467 52 37
pos_101.jpg 4 419 347 37 53 481 450 50 47 477 256 49 44 550 216 40 45
pos_102.jpg 4 229 353 38 53 269 460 55 46 306 264 48 37 382 225 45 42
pos_103.jpg 4 387 287 75 74 431 470 88 78 418 152 72 60 530 89 67 66
pos_104.jpg 4 277 196 62 53 380 141 54 58 230 308 64 62 242 468 76 64
pos_105.jpg 4 542 289 65 62 611 421 65 63 551 185 57 48 622 131 54 50
pos_106.jpg 4 275 190 73 61 409 296 71 74 553 243 78 67 313 488 82 74
pos_107.jpg 4 288 258 73 59 405 257 56 72 419 357 61 67 548 302 74 62
pos_108.jpg 4 270 265 68 52 417 230 52 79 340 397 70 69 555 272 73 62
pos_109.jpg 4 211 182 91 71 409 147 71 102 296 353 95 97 598 202 92 83
pos_11.jpg 4 42 227 167 175 237 56 142 161 475 124 182 158 363 360 206 161
pos_110.jpg 4 263 168 55 68 200 301 77 67 387 363 65 72 219 445 59 85
pos_111.jpg 4 244 246 57 73 389 149 70 57 390 309 72 60 602 349 56 82
pos_112.jpg 4 252 301 66 97 421 398 89 75 437 216 84 66 557 238 68 93
pos_113.jpg 2 374 367 94 79 512 200 72 98
pos_114.jpg 2 481 297 125 114 662 138 77 117
pos_115.jpg 2 394 154 118 99 561 64 70 90
pos_116.jpg 3 281 136 96 74 528 185 61 109 376 379 92 75
pos_117.jpg 3 243 100 121 89 568 155 88 121 340 376 153 123
pos_118.jpg 3 188 374 76 101 417 292 64 97 371 520 105 88
pos_119.jpg 1 391 118 144 212
pos_12.jpg 4 181 337 117 156 308 124 121 77 333 211 112 83 449 137 113 97
pos_120.jpg 1 459 193 42 66
pos_121.jpg 1 320 531 66 57
pos_122.jpg 4 283 298 51 43 399 188 53 42 514 257 56 47 378 366 45 52
pos_123.jpg 4 253 353 53 54 375 230 59 50 501 307 68 57 359 432 51 61
pos_124.jpg 4 125 235 53 76 194 380 59 77 401 338 71 56 315 545 68 82
pos_125.jpg 4 294 120 56 79 156 437 90 74 346 343 85 70 526 222 81 64
pos_126.jpg 4 364 41 58 84 307 361 109 83 494 239 94 79 628 124 84 67
pos_127.jpg 4 264 409 57 43 337 199 37 54 366 356 62 48 479 278 54 44
pos_128.jpg 4 287 380 49 46 388 336 53 39 354 177 37 48 497 256 51 48
pos_129.jpg 4 334 188 48 62 473 138 68 53 482 367 59 57 224 458 73 59
pos_13.jpg 4 184 130 116 109 192 247 110 129 445 374 159 119 527 127 125 120
pos_130.jpg 4 325 90 48 76 241 380 82 65 492 283 76 70 485 41 75 56
pos_131.jpg 4 251 129 55 41 496 199 50 60 460 310 55 53 288 383 65 48
pos_132.jpg 4 200 409 116 90 203 59 89 57 594 130 87 85 552 289 95 86
pos_133.jpg 4 213 103 68 48 256 425 72 64 372 193 52 67 524 196 69 73
pos_134.jpg 4 247 83 85 58 455 165 71 82 336 467 113 84 640 166 79 81
pos_135.jpg 4 145 86 87 62 375 109 65 79 345 393 112 77 541 65 82 69
pos_136.jpg 4 235 53 71 53 388 131 56 67 285 350 69 58 534 401 73 71
pos_137.jpg 1 372 264 195 176
pos_138.jpg 2 210 428 152 119 453 30 103 99
pos_139.jpg 4 244 326 85 62 387 60 72 79 434 328 78 66 569 404 97 95
pos_14.jpg 4 289 69 110 83 171 145 119 103 542 221 144 144 238 369 153 159
pos_140.jpg 4 246 139 59 61 472 172 67 56 295 398 66 54 544 458 73 73
pos_141.jpg 4 236 142 60 61 446 168 69 53 332 282 66 47 520 430 72 71
pos_142.jpg 4 272 136 55 60 490 164 65 51 364 279 68 49 385 390 50 73
pos_143.jpg 4 233 169 58 61 327 313 65 47 351 416 46 66 564 164 64 62
pos_144.jpg 4 321 130 53 61 414 269 58 51 429 374 52 71 649 128 65 60
pos_145.jpg 4 256 169 50 56 391 100 61 49 548 163 58 56 357 388 42 63
pos_146.jpg 4 362 282 51 47 459 93 60 49 612 159 56 56 424 374 48 61
pos_147.jpg 4 381 301 57 61 447 403 50 68 485 116 59 49 638 185 51 63
pos_148.jpg 4 367 109 47 62 435 216 52 49 328 418 61 49 174 347 54 56
pos_149.jpg 4 172 335 65 63 344 418 73 54 399 90 47 68 463 198 66 51
pos_15.jpg 4 274 157 82 78 405 127 75 81 372 408 92 89 521 389 92 103
pos_150.jpg 4 283 291 74 72 411 82 74 59 379 418 63 93 581 398 79 92
pos_151.jpg 4 55 311 61 76 455 195 85 58 302 461 72 90 455 378 96 76
pos_152.jpg 4 110 323 52 67 234 267 54 72 461 226 70 49 472 382 76 59
pos_153.jpg 4 86 308 52 64 196 260 54 63 224 478 61 63 397 220 61 50
pos_154.jpg 4 95 323 44 59 193 275 49 62 218 480 57 62 456 432 71 58
pos_155.jpg 4 267 254 63 58 416 102 64 58 515 300 66 57 337 485 58 71
pos_156.jpg 4 310 292 49 50 446 253 39 57 446 159 56 49 525 342 58 49
pos_157.jpg 4 223 241 82 68 416 81 69 58 411 194 59 72 531 298 82 72
pos_158.jpg 4 431 422 71 65 492 259 69 56 402 156 48 67 408 38 62 54
pos_159.jpg 4 269 160 59 62 409 72 69 58 497 301 70 60 429 471 68 70
pos_16.jpg 4 280 174 74 81 399 142 77 79 379 407 86 87 606 254 71 92
pos_160.jpg 4 329 381 56 63 437 447 56 62 420 366 62 50 489 306 57 49
pos_161.jpg 4 260 266 74 84 401 245 89 68 419 368 95 82 502 143 93 82
pos_162.jpg 4 301 379 54 56 395 367 58 48 462 303 57 55 530 453 66 58
pos_163.jpg 4 325 372 54 56 419 359 64 51 386 201 63 48 491 295 59 58
pos_164.jpg 4 141 204 49 62 222 347 46 64 312 251 53 60 383 413 60 55
pos_165.jpg 4 227 170 60 64 369 221 74 53 307 396 63 62 525 142 61 48
pos_166.jpg 3 199 136 66 65 376 186 71 51 303 394 70 72
pos_167.jpg 4 188 166 66 65 272 444 78 66 542 421 67 92 549 130 75 57
pos_168.jpg 4 271 360 76 57 415 466 63 85 510 346 57 78 491 215 56 76
pos_169.jpg 4 291 386 73 64 434 496 78 87 500 240 65 76 530 366 59 82
pos_17.jpg 4 431 430 107 78 272 282 79 89 159 164 76 84 651 261 74 98
pos_170.jpg 4 313 370 61 51 365 230 58 59 494 239 54 67 515 356 52 67
pos_171.jpg 4 129 388 132 110 271 91 108 109 556 113 107 138 596 367 110 141
pos_172.jpg 4 72 98 118 154 64 620 139 74 321 556 132 105 371 274 97 102
pos_173.jpg 4 227 238 57 74 357 127 62 54 277 410 65 54 480 268 57 73
pos_174.jpg 4 244 227 73 65 349 92 61 63 541 102 77 66 531 274 61 88
pos_175.jpg 4 244 229 73 62 346 91 70 65 532 99 79 69 525 275 64 91
pos_176.jpg 4 202 297 83 70 321 370 73 83 506 268 66 87 452 111 78 57
pos_177.jpg 4 228 319 70 58 320 55 64 59 355 524 64 67 613 175 75 59
pos_178.jpg 4 251 333 73 67 209 53 72 52 558 38 68 56 470 472 66 81
pos_179.jpg 4 234 377 79 50 267 196 58 59 337 86 59 51 410 287 63 54
pos_18.jpg 4 171 239 84 85 484 103 90 73 622 320 64 93 418 474 97 80
pos_180.jpg 4 219 395 82 58 419 279 78 59 246 195 70 63 329 79 62 50
pos_181.jpg 4 339 183 68 50 244 372 70 59 489 282 48 75 540 419 70 65
pos_182.jpg 4 224 362 85 63 325 169 67 58 490 263 56 75 550 395 94 74
pos_183.jpg 2 332 208 55 73 495 316 88 59
pos_184.jpg 2 337 195 55 77 379 20 71 48
pos_185.jpg 2 335 165 60 84 382 7 63 50
pos_186.jpg 2 240 261 58 53 422 273 74 54
pos_187.jpg 2 223 273 79 55 430 279 95 66
pos_188.jpg 2 352 322 50 69 341 521 54 64
pos_189.jpg 2 426 282 62 55 425 147 60 55
pos_19.jpg 4 392 267 66 78 283 75 65 65 502 138 81 68 452 482 85 69
pos_190.jpg 2 430 144 52 59 353 271 68 49
pos_191.jpg 1 462 279 67 60
pos_192.jpg 1 582 309 64 57
pos_193.jpg 1 426 65 67 50
pos_194.jpg 1 390 303 75 55
pos_195.jpg 1 493 252 65 44
pos_196.jpg 1 479 235 67 53
pos_197.jpg 1 448 284 63 46
pos_198.jpg 1 466 273 65 47
pos_199.jpg 1 295 312 59 46
pos_2.jpg 1 332 174 174 213
pos_20.jpg 4 257 221 84 76 260 422 71 108 478 128 84 64 530 418 90 76
pos_200.jpg 1 287 251 51 46
pos_201.jpg 1 298 254 62 44
pos_202.jpg 1 327 284 58 45
pos_203.jpg 1 323 289 57 46
pos_204.jpg 1 286 242 62 57
pos_205.jpg 1 507 255 58 51
pos_206.jpg 1 380 345 56 45
pos_207.jpg 1 332 329 60 48
pos_208.jpg 1 415 433 63 48
pos_209.jpg 1 281 16 118 84
pos_21.jpg 4 232 189 125 106 217 415 110 149 505 97 102 87 606 400 155 118
pos_210.jpg 1 539 287 96 77
pos_211.jpg 1 252 258 79 64
pos_212.jpg 1 478 308 82 55
pos_213.jpg 1 332 102 117 91
pos_214.jpg 1 291 175 202 140
pos_215.jpg 1 358 285 78 59
pos_216.jpg 1 366 291 63 50
pos_217.jpg 1 297 290 61 47
pos_218.jpg 1 443 265 64 48
pos_219.jpg 4 309 266 62 56 383 297 62 43 418 345 54 39 502 278 68 47
pos_22.jpg 4 374 243 63 47 338 93 50 59 538 203 48 65 413 446 64 53
pos_220.jpg 4 322 268 64 47 401 310 61 47 434 368 56 51 516 277 72 55
pos_221.jpg 4 305 194 75 51 391 249 64 50 422 327 62 58 509 506 50 65
pos_222.jpg 4 326 310 72 55 407 347 65 48 519 310 72 53 437 401 60 53
pos_223.jpg 4 300 264 73 49 387 313 67 48 417 380 62 58 492 257 80 59
pos_224.jpg 4 270 186 78 51 366 241 74 50 475 172 83 55 410 330 68 59
pos_225.jpg 4 428 230 60 48 494 268 51 42 594 246 63 47 497 314 52 40
pos_226.jpg 4 296 211 70 53 383 232 62 41 499 216 71 52 416 272 54 28
pos_227.jpg 4 349 222 62 47 438 239 56 39 533 214 69 48 490 263 44 35
pos_228.jpg 4 248 206 88 67 473 219 83 60 353 270 74 53 394 345 71 55
pos_229.jpg 4 166 251 84 58 273 297 64 54 368 244 81 60 326 364 64 57
pos_23.jpg 4 242 178 64 78 224 390 92 67 327 100 83 60 501 119 75 80
pos_230.jpg 4 303 195 75 51 387 250 67 49 419 329 59 60 488 196 79 59
pos_231.jpg 4 383 180 71 51 563 177 71 51 455 234 70 43 472 308 56 50
pos_232.jpg 4 234 200 89 56 336 262 81 55 379 354 73 64 456 193 86 61
pos_233.jpg 4 371 201 59 51 434 237 50 38 437 279 49 35 530 213 54 46
pos_234.jpg 4 242 196 64 44 323 237 59 39 417 193 69 48 361 292 48 47
pos_235.jpg 4 250 166 71 49 333 218 73 45 371 292 63 55 436 161 68 53
pos_236.jpg 4 334 209 72 46 411 249 61 40 432 312 55 48 502 187 64 51
pos_237.jpg 4 309 240 51 39 368 266 49 35 441 226 55 43 392 307 46 39
pos_238.jpg 4 303 219 49 43 364 255 48 37 439 230 52 43 388 298 44 38
pos_239.jpg 4 294 213 60 46 365 248 51 41 395 301 47 42 449 214 56 51
pos_24.jpg 3 65 363 153 178 227 143 161 138 618 141 142 163
pos_240.jpg 4 298 254 53 46 361 283 52 38 443 263 55 37 386 319 52 34
pos_241.jpg 4 254 208 67 49 330 252 52 37 409 219 60 46 362 304 52 39
pos_242.jpg 4 303 267 60 44 372 303 57 45 454 267 66 44 396 359 53 49
pos_243.jpg 4 328 223 58 47 400 264 51 42 487 228 60 44 421 316 51 42
pos_244.jpg 4 286 163 66 50 360 212 62 43 454 165 63 45 392 280 48 50
pos_245.jpg 4 309 240 48 38 371 281 46 34 399 339 44 42 448 241 53 41
pos_246.jpg 4 305 214 57 43 374 237 48 38 447 210 54 38 406 276 52 39
pos_247.jpg 4 297 177 68 51 375 209 55 42 477 187 54 45 401 251 43 34
pos_248.jpg 4 290 244 58 42 355 273 54 41 382 318 47 40 439 245 61 45
pos_249.jpg 4 256 234 55 50 331 268 46 41 403 239 61 45 374 313 49 41
pos_25.jpg 2 334 446 170 118 275 56 114 137
pos_250.jpg 4 307 225 70 56 377 266 58 42 388 313 45 38 480 236 58 44
pos_251.jpg 4 294 184 67 53 371 235 65 47 469 192 71 48 401 304 55 45
pos_252.jpg 4 320 184 57 46 387 217 54 41 414 260 45 38 483 193 56 44
pos_253.jpg 4 230 77 93 71 346 165 88 60 489 92 97 61 392 296 81 67
pos_254.jpg 4 372 180 64 49 454 211 59 45 492 261 55 52 550 160 67 47
pos_255.jpg 4 329 239 63 49 392 289 59 43 398 349 52 47 490 250 64 53
pos_256.jpg 4 281 229 72 51 362 284 67 46 398 361 59 52 471 233 68 50
pos_257.jpg 4 133 220 94 73 267 288 83 67 384 259 108 79 355 367 71 64
pos_258.jpg 4 218 320 51 65 283 234 54 63 308 302 61 88 335 122 58 70
pos_259.jpg 4 338 228 89 62 572 250 71 62 414 279 78 48 403 327 59 49
pos_26.jpg 4 262 332 66 86 374 63 73 66 512 215 68 78 415 477 88 89
pos_260.jpg 4 426 195 86 77 619 254 78 60 474 274 76 59 431 345 67 53
pos_261.jpg 4 362 257 70 54 434 280 59 42 432 319 61 29 556 260 71 53
pos_262.jpg 4 139 121 132 88 310 226 115 71 377 356 92 79 511 123 131 94
pos_263.jpg 4 214 239 91 68 330 263 75 52 470 239 90 68 382 299 51 37
pos_264.jpg 4 140 110 140 92 317 231 122 80 381 390 103 95 538 121 134 95
pos_265.jpg 4 185 47 117 78 320 155 104 72 375 304 75 77 469 65 96 63
pos_266.jpg 4 247 148 126 87 368 241 99 61 530 142 93 75 391 341 74 78
pos_267.jpg 4 216 242 103 74 350 288 89 61 508 255 103 73 405 346 75 52
pos_268.jpg 4 285 196 101 79 403 270 94 64 574 208 107 83 450 359 77 67
pos_269.jpg 4 267 157 91 72 380 236 88 61 527 171 99 73 418 335 79 63
pos_27.jpg 4 233 206 70 69 463 78 75 71 600 219 70 83 517 470 99 85
pos_270.jpg 4 303 224 79 57 396 258 64 48 510 231 78 54 431 308 54 41
pos_271.jpg 4 136 173 128 90 303 243 117 83 513 181 133 94 368 338 109 84
pos_272.jpg 4 184 152 125 92 342 249 112 75 407 377 105 90 537 161 128 88
pos_273.jpg 4 215 191 87 68 339 242 73 56 404 301 66 55 456 206 92 63
pos_274.jpg 4 328 208 90 66 420 264 74 48 419 320 67 49 571 219 88 61
pos_275.jpg 4 182 123 105 75 315 217 102 64 483 134 111 76 369 337 89 74
pos_276.jpg 4 268 250 66 51 357 278 61 43 472 258 69 52 392 319 51 35
pos_277.jpg 4 261 210 67 56 352 260 64 47 453 230 81 54 395 317 57 45
pos_278.jpg 4 292 248 61 46 367 293 62 43 468 250 70 49 400 361 56 50
pos_279.jpg 4 303 249 58 45 378 295 54 45 468 252 64 49 404 360 56 49
pos_28.jpg 4 249 176 79 75 480 53 74 67 280 502 91 74 543 436 86 83
pos_280.jpg 4 316 218 61 48 389 263 54 41 420 325 51 48 476 222 62 49
pos_281.jpg 4 312 230 64 47 379 274 58 39 464 223 59 47 398 331 49 49
pos_282.jpg 4 306 201 60 47 375 246 55 41 400 308 52 41 462 202 63 44
pos_283.jpg 4 289 214 61 50 362 253 56 44 452 225 62 47 391 305 53 43
pos_284.jpg 4 255 213 56 45 324 254 55 40 405 218 62 46 353 310 52 44
pos_285.jpg 4 264 241 57 50 337 276 51 44 420 257 51 41 367 322 49 37
pos_286.jpg 4 301 150 47 45 363 198 48 40 438 169 58 44 396 261 51 40
pos_287.jpg 4 378 196 55 41 435 228 52 35 446 274 45 44 515 178 52 48
pos_288.jpg 4 359 206 57 45 418 237 52 38 423 278 53 41 506 199 54 44
pos_289.jpg 4 228 72 88 69 338 161 80 62 377 290 77 61 482 94 91 68
pos_29.jpg 4 275 123 66 66 306 434 80 72 478 175 81 83 608 411 95 74
pos_290.jpg 4 295 208 55 44 359 247 48 37 381 293 43 39 441 217 57 42
pos_291.jpg 4 304 229 60 53 377 273 54 45 404 321 53 44 473 250 60 51
pos_292.jpg 4 211 179 93 70 324 242 82 60 374 320 68 65 457 188 87 70
pos_293.jpg 4 269 225 72 58 356 268 64 46 392 318 60 44 474 241 70 56
pos_294.jpg 4 273 229 71 57 363 282 59 48 397 347 61 52 473 243 70 51
pos_295.jpg 4 344 282 40 39 397 311 40 30 420 343 39 31 466 290 43 37
pos_296.jpg 4 329 251 57 44 397 287 48 36 480 262 50 39 414 333 58 38
pos_297.jpg 4 398 214 54 41 460 251 49 34 480 301 44 40 540 213 60 40
pos_298.jpg 4 71 129 171 118 300 256 145 99 386 395 105 91 562 159 170 120
pos_299.jpg 4 114 74 120 90 274 201 124 82 478 100 132 86 337 384 109 93
pos_3.jpg 1 316 177 168 213
pos_30.jpg 1 288 156 242 230
pos_300.jpg 4 269 204 67 50 349 242 64 46 385 293 44 46 456 209 68 52
pos_301.jpg 4 218 198 67 64 315 260 64 58 367 329 61 56 416 243 80 66
pos_302.jpg 4 325 252 70 58 412 218 63 63 435 350 59 52 512 260 79 58
pos_303.jpg 4 238 186 118 88 378 112 110 110 536 211 126 85 412 400 94 72
pos_304.jpg 4 294 225 128 92 476 172 113 118 627 257 123 89 428 373 86 73
pos_305.jpg 4 221 245 88 73 315 200 93 84 375 375 67 52 456 260 92 69
pos_306.jpg 4 209 201 78 66 297 152 82 79 424 229 93 67 354 369 65 56
pos_307.jpg 4 281 237 85 67 378 201 78 69 483 258 81 63 385 370 63 53
pos_308.jpg 4 252 258 73 66 341 231 72 64 367 363 59 55 443 272 73 60
pos_309.jpg 4 244 191 82 61 337 131 82 77 462 196 93 67 384 352 67 56
pos_31.jpg 1 362 149 165 164
pos_310.jpg 4 262 218 63 55 330 182 66 56 435 216 69 52 386 309 50 48
pos_311.jpg 4 241 299 78 57 380 95 59 60 506 135 63 67 481 339 76 59
pos_312.jpg 4 155 282 64 54 98 394 54 69 351 293 55 69 288 534 74 81
pos_313.jpg 4 182 242 92 70 347 36 80 60 511 66 77 73 511 276 99 77
pos_314.jpg 4 148 170 94 65 88 303 80 93 350 466 84 89 393 190 68 97
pos_315.jpg 3 369 228 79 59 568 101 66 72 331 475 79 83
pos_316.jpg 3 237 169 76 70 168 439 99 113 460 56 59 61
pos_317.jpg 3 74 217 70 56 213 418 66 78 481 467 91 82
pos_318.jpg 3 115 240 58 51 228 413 83 76 523 438 76 87
pos_319.jpg 4 328 236 80 60 528 134 68 72 498 302 76 54 483 438 89 66
pos_32.jpg 1 370 265 222 154
pos_320.jpg 4 333 217 80 72 537 126 68 72 513 280 84 61 501 429 109 74
pos_321.jpg 4 280 306 67 73 375 151 77 65 542 214 91 61 532 355 87 71
pos_322.jpg 4 178 255 94 54 208 118 75 59 454 151 70 72 350 313 85 67
pos_323.jpg 4 203 350 78 100 294 165 63 94 460 184 78 95 392 491 115 94
pos_324.jpg 4 333 168 105 82 177 372 103 119 565 458 127 100 568 263 114 79
pos_325.jpg 4 62 303 114 109 216 108 111 85 448 182 109 83 414 378 132 99
pos_326.jpg 4 136 323 105 116 296 135 104 84 526 208 115 78 538 391 128 98
pos_327.jpg 4 127 370 89 101 220 167 71 100 388 157 87 107 320 497 109 106
pos_328.jpg 4 220 360 47 63 271 236 43 63 365 247 52 65 328 434 73 62
pos_329.jpg 4 265 284 41 65 211 401 50 73 328 481 66 65 364 280 46 68
pos_33.jpg 1 386 280 232 171
pos_34.jpg 1 395 173 135 151
pos_35.jpg 3 134 156 81 82 368 227 94 94 528 525 103 67
pos_36.jpg 1 320 131 242 319
pos_37.jpg 2 35 82 204 233 496 217 293 198
pos_38.jpg 4 399 335 115 118 115 9 124 103 512 130 105 114 635 446 136 99
pos_39.jpg 3 166 14 120 115 498 455 151 142 657 174 128 148
pos_4.jpg 1 319 154 261 188
pos_40.jpg 1 303 146 218 209
pos_41.jpg 3 156 277 188 207 359 1 147 149 586 425 209 168
pos_42.jpg 4 189 240 104 127 319 49 100 127 405 329 157 117 3 4 49 38
pos_43.jpg 1 237 147 336 235
pos_44.jpg 4 59 156 80 96 331 228 79 105 543 175 93 76 648 288 118 107
pos_45.jpg 3 33 195 154 153 401 104 159 134 584 289 165 184
pos_46.jpg 2 151 110 112 128 567 238 125 147
pos_47.jpg 3 150 34 122 97 401 94 134 102 436 252 120 155
pos_48.jpg 4 108 158 90 96 252 410 82 104 390 225 76 106 605 158 95 86
pos_49.jpg 1 329 212 251 225
pos_5.jpg 1 352 214 162 186
pos_50.jpg 1 349 219 246 171
pos_51.jpg 1 343 195 161 189
pos_52.jpg 1 362 211 150 182
pos_53.jpg 3 360 365 142 191 151 31 116 136 565 110 129 141
pos_54.jpg 4 128 259 81 91 367 335 75 94 411 205 88 75 607 170 75 89
pos_55.jpg 4 220 156 113 104 143 325 120 150 431 336 133 132 487 98 96 97
pos_56.jpg 4 344 13 82 107 499 80 86 91 189 268 110 125 309 500 118 98
pos_57.jpg 1 321 201 199 278
pos_58.jpg 2 297 193 138 164 575 302 126 170
pos_59.jpg 4 354 111 79 94 517 179 83 87 355 215 100 82 194 393 104 120
pos_6.jpg 1 342 168 173 263
pos_60.jpg 4 213 348 86 76 295 76 82 65 577 279 94 82 334 425 101 73
pos_61.jpg 4 277 157 107 90 399 118 110 88 298 351 101 124 385 439 137 122
pos_62.jpg 4 172 276 85 112 348 85 104 96 341 361 114 107 559 286 106 120
pos_63.jpg 4 110 235 114 128 312 332 145 126 353 80 100 86 600 271 99 122
pos_64.jpg 4 190 144 72 101 352 110 80 86 327 360 107 92 514 173 78 91
pos_65.jpg 4 320 186 79 59 129 304 71 89 368 316 90 78 286 461 106 86
pos_66.jpg 4 183 310 60 84 327 166 86 74 289 391 89 81 468 347 72 95
pos_67.jpg 4 238 318 67 96 356 166 76 74 394 350 75 92 547 279 71 81
pos_68.jpg 4 304 126 75 95 466 155 76 98 414 259 91 88 283 357 99 84
pos_69.jpg 4 229 87 105 132 231 281 131 107 161 434 151 123 565 173 142 116
pos_7.jpg 1 209 110 486 373
pos_70.jpg 1 178 250 214 135
pos_71.jpg 4 375 129 76 85 588 176 86 66 398 248 83 66 370 330 93 76
pos_72.jpg 4 210 94 100 69 363 170 88 84 604 252 87 89 415 408 109 86
pos_73.jpg 4 275 195 93 81 634 189 90 98 177 313 73 90 248 378 112 78
pos_74.jpg 2 43 283 165 143 668 240 125 173
pos_75.jpg 4 372 33 84 71 211 378 70 104 542 274 109 91 635 172 88 92
pos_76.jpg 2 81 44 141 177 555 400 161 188
pos_77.jpg 1 89 136 180 201
pos_78.jpg 4 330 138 109 87 472 188 98 121 212 345 106 112 384 347 128 104
pos_79.jpg 4 130 354 174 146 395 365 182 147 327 25 151 141 538 121 143 167
pos_8.jpg 1 226 102 375 444
pos_80.jpg 4 103 112 87 69 243 172 96 72 587 58 64 93 310 466 94 121
pos_81.jpg 3 27 250 124 90 456 89 73 105 356 349 114 96
pos_82.jpg 2 168 151 110 112 234 404 128 135
pos_83.jpg 4 105 140 113 83 273 233 116 97 561 379 110 85 665 149 68 105
pos_84.jpg 4 189 186 112 93 66 338 107 114 411 317 112 127 542 205 124 97
pos_85.jpg 4 53 319 121 123 204 180 125 112 450 296 119 132 570 190 127 98
pos_86.jpg 4 210 237 92 75 346 310 78 81 248 474 95 93 381 577 85 111
pos_87.jpg 4 220 232 87 114 279 60 118 90 437 240 102 115 428 365 123 101
pos_88.jpg 4 321 282 45 44 362 401 43 46 436 338 45 39 486 386 38 47
pos_89.jpg 4 261 273 41 43 288 388 40 46 362 326 45 37 411 374 43 50
pos_9.jpg 4 199 202 128 86 363 167 103 99 490 283 124 118 202 342 146 118
pos_90.jpg 4 272 283 55 51 391 340 58 45 453 392 52 61 304 410 64 61
pos_91.jpg 4 401 237 47 42 529 293 52 39 451 366 62 42 591 339 40 50
pos_92.jpg 4 255 266 60 51 370 126 57 58 285 415 75 68 475 396 55 71
pos_93.jpg 4 525 231 42 37 565 307 43 44 438 317 38 30 496 444 41 42
pos_94.jpg 4 533 234 44 38 453 319 40 38 577 307 47 41 525 446 37 35
pos_95.jpg 4 333 175 147 119 466 31 149 126 30 391 135 120 612 362 185 163
pos_96.jpg 4 540 323 41 33 517 356 37 32 465 404 35 33 586 398 38 38
pos_97.jpg 4 490 268 41 33 399 346 46 46 429 481 39 38 529 342 45 39
pos_98.jpg 4 499 269 40 40 370 308 40 38 269 398 40 36 438 503 41 41
pos_99.jpg 4 403 282 40 40 304 365 45 37 527 245 40 41 473 467 49 33
